3. ΕΜΡΕΒΟΟΙᾸΒ

Karsten Diels Stoin Diels

v.440-445 1r. 444 v. 444-444 44444 ¹
444 44 444 444
444444 44 441 141
444 44 444-444 444
444 44 444 144
454 41 444-444 444
444 444-444 444-444 444
444 444 454-451 144
444 444

44 - 11

444 44

444 444 n

4. 4140le

wichs? Diels Waehm Diels Waohum. Diels
440 ’

444 444 1r. 40 tr. 44 fr. 44 4444
44 44 44 44 4 3
54 44 44 44 ·
44 44 44 44 44
44 44 41 55 ·
44 44 44 44
44 44 54 5
44 444 44 44 44
44 44 4444 p. 444 4
44 44 44 44
44 44 43 4 ’
44 44 1⁶ 44
44 44 14 44
44 44 9 44 ·
44 44 . 44 44 2.

 

51 54 11
42 45 4⁸1

33 33 51 '
44 37 7 ¹

 

