819199

v. 156
999
999
999-999
999
x 999-999
1 999
999
999
999
Ι999-999
9999-999
j 999
999
999-999
9 214
1999-999
3¹ 999999
·' 999
1 999
1 999
εξ 999-999
, 999
;999-999
1999-999
1999-999
¹ 999
ξ 999
j 919
999
999-999
999-999
999-999
999-999
,999
999-999

y 279271

’9999

A 273-274
275
275-278
279
289
281

Diels

fr. 54 ·
53
51
35
35
22
193
194

37

95
98
34
19
71
72
73
75
79
89
81

115
75
82
83
85
87
95

57
29

,59

81
59
52
53
54
55
55
57
33
58

3. EMPEDOOLIS

Karsten Diels

v. 999 fr. 101
999 999
999-999 99
999 99
999 999
999 999, 99
999 999
999-999 999
999 999
999999 999
999-999 999
999999 999
999-999 99
999-999 99
999-999 9
999-999 99
999999 999
999-999 999
999-999 999

354. 355 139
355 77
357 78

358-377 128
378 125
379 125

389. 381 117

382383 127

384-385 145

387-499 112

491492 113
493 ·-

494. 495 135
495 144

497-499 114

419-415 137

415. 417 135
418 141
419 149

429-422 145

422423 143

424-432 111

433. 434 157

435-439 155
439 155

 

 

 

819199 Diels

94282. 283 1999
284. 285 91
285 93
287-311 199
312-313 191
314 192
315 99
315-325 84
325 88
327-329 195
339 195
331-332 198
333κ335 199
335-337 197
338-341 131
342-343 132
344-345 133
347-351 134
352-353 112
354-355 113
355-338 114
359-382 115
383-384 117
385 118
385-388 121
389 158
399. 391 119
392 129
393-395 122
397-499 123
499-401 124
492 125
493 148
494 125
495-414 128
415-429 129
421-422 139
423 77
424 78

425 ad 135
425-427 135
428-429 135
439-435 137
435-437 139

 

 

 

